/*--------------------------------*- C++ -*----------------------------------*\
  =========                 |
  \\      /  F ield         | OpenFOAM: The Open Source CFD Toolbox
   \\    /   O peration     | Website:  https://openfoam.org
    \\  /    A nd           | Version:  7
     \\/     M anipulation  |
\*---------------------------------------------------------------------------*/
FoamFile
{
    version     2.0;
    format      ascii;
    class       faceSet;
    location    "constant/polyMesh/sets";
    object      tao3;
}
// * * * * * * * * * * * * * * * * * * * * * * * * * * * * * * * * * * * * * //


2196
(
21244 
21245 
21246 
21247 
21248 
21249 
21250 
21251 
21252 
21253 
21254 
21255 
21339 
21340 
21341 
21342 
21343 
21344 
21345 
21346 
21347 
21348 
21349 
21350 
21351 
21352 
21353 
21354 
21355 
21356 
21357 
21358 
21359 
21360 
21436 
21437 
21438 
21439 
21440 
21441 
21442 
21443 
21444 
21445 
21446 
21447 
21448 
21449 
21450 
21451 
21452 
21453 
21454 
21455 
21456 
21457 
21458 
21459 
21460 
21461 
21462 
21463 
21534 
21535 
21536 
21537 
21538 
21539 
21540 
21541 
21542 
21543 
21544 
21545 
21546 
21547 
21548 
21549 
21550 
21551 
21552 
21553 
21554 
21555 
21556 
21557 
21558 
21559 
21560 
21561 
21562 
21563 
21564 
21565 
21632 
21633 
21634 
21635 
21636 
21637 
21638 
21639 
21640 
21641 
21642 
21643 
21644 
21645 
21646 
21647 
21648 
21649 
21650 
21651 
21652 
21653 
21654 
21655 
21656 
21657 
21658 
21659 
21660 
21661 
21662 
21663 
21664 
21665 
21666 
21667 
21730 
21731 
21732 
21733 
21734 
21735 
21736 
21737 
21738 
21739 
21740 
21741 
21742 
21743 
21744 
21745 
21746 
21747 
21748 
21749 
21750 
21751 
21752 
21753 
21754 
21755 
21756 
21757 
21758 
21759 
21760 
21761 
21762 
21763 
21764 
21765 
21766 
21767 
21768 
21769 
21828 
21829 
21830 
21831 
21832 
21833 
21834 
21835 
21836 
21837 
21838 
21839 
21840 
21841 
21842 
21843 
21844 
21845 
21846 
21847 
21848 
21849 
21850 
21851 
21852 
21853 
21854 
21855 
21856 
21857 
21858 
21859 
21860 
21861 
21862 
21863 
21864 
21865 
21866 
21867 
21868 
21869 
21870 
21871 
21927 
21928 
21929 
21930 
21931 
21932 
21933 
21934 
21935 
21936 
21937 
21938 
21939 
21940 
21941 
21942 
21943 
21944 
21945 
21946 
21947 
21948 
21949 
21950 
21951 
21952 
21953 
21954 
21955 
21956 
21957 
21958 
21959 
21960 
21961 
21962 
21963 
21964 
21965 
21966 
21967 
21968 
21969 
21970 
21971 
21972 
22025 
22026 
22027 
22028 
22029 
22030 
22031 
22032 
22033 
22034 
22035 
22036 
22037 
22038 
22039 
22040 
22041 
22042 
22043 
22044 
22045 
22046 
22047 
22048 
22049 
22050 
22051 
22052 
22053 
22054 
22055 
22056 
22057 
22058 
22059 
22060 
22061 
22062 
22063 
22064 
22065 
22066 
22067 
22068 
22069 
22070 
22071 
22072 
22073 
22074 
22124 
22125 
22126 
22127 
22128 
22129 
22130 
22131 
22132 
22133 
22134 
22135 
22136 
22137 
22138 
22139 
22140 
22141 
22142 
22143 
22144 
22145 
22146 
22147 
22148 
22149 
22150 
22151 
22152 
22153 
22154 
22155 
22156 
22157 
22158 
22159 
22160 
22161 
22162 
22163 
22164 
22165 
22166 
22167 
22168 
22169 
22170 
22171 
22172 
22173 
22174 
22175 
22223 
22224 
22225 
22226 
22227 
22228 
22229 
22230 
22231 
22232 
22233 
22234 
22235 
22236 
22237 
22238 
22239 
22240 
22241 
22242 
22243 
22244 
22255 
22256 
22257 
22258 
22259 
22260 
22261 
22262 
22263 
22264 
22265 
22266 
22267 
22268 
22269 
22270 
22271 
22272 
22273 
22274 
22275 
22276 
22322 
22323 
22324 
22325 
22326 
22327 
22328 
22329 
22330 
22331 
22332 
22333 
22334 
22335 
22336 
22337 
22338 
22339 
22340 
22359 
22360 
22361 
22362 
22363 
22364 
22365 
22366 
22367 
22368 
22369 
22370 
22371 
22372 
22373 
22374 
22375 
22376 
22377 
22421 
22422 
22423 
22424 
22425 
22426 
22427 
22428 
22429 
22430 
22431 
22432 
22433 
22434 
22435 
22436 
22437 
22462 
22463 
22464 
22465 
22466 
22467 
22468 
22469 
22470 
22471 
22472 
22473 
22474 
22475 
22476 
22477 
22478 
22520 
22521 
22522 
22523 
22524 
22525 
22526 
22527 
22528 
22529 
22530 
22531 
22532 
22533 
22534 
22535 
22564 
22565 
22566 
22567 
22568 
22569 
22570 
22571 
22572 
22573 
22574 
22575 
22576 
22577 
22578 
22579 
22619 
22620 
22621 
22622 
22623 
22624 
22625 
22626 
22627 
22628 
22629 
22630 
22631 
22632 
22633 
22666 
22667 
22668 
22669 
22670 
22671 
22672 
22673 
22674 
22675 
22676 
22677 
22678 
22679 
22680 
22718 
22719 
22720 
22721 
22722 
22723 
22724 
22725 
22726 
22727 
22728 
22729 
22730 
22731 
22732 
22767 
22768 
22769 
22770 
22771 
22772 
22773 
22774 
22775 
22776 
22777 
22778 
22779 
22780 
22781 
22818 
22819 
22820 
22821 
22822 
22823 
22824 
22825 
22826 
22827 
22828 
22829 
22830 
22869 
22870 
22871 
22872 
22873 
22874 
22875 
22876 
22877 
22878 
22879 
22880 
22881 
22917 
22918 
22919 
22920 
22921 
22922 
22923 
22924 
22925 
22926 
22927 
22928 
22929 
22970 
22971 
22972 
22973 
22974 
22975 
22976 
22977 
22978 
22979 
22980 
22981 
22982 
23016 
23017 
23018 
23019 
23020 
23021 
23022 
23023 
23024 
23025 
23026 
23027 
23028 
23071 
23072 
23073 
23074 
23075 
23076 
23077 
23078 
23079 
23080 
23081 
23082 
23083 
23116 
23117 
23118 
23119 
23120 
23121 
23122 
23123 
23124 
23125 
23126 
23127 
23172 
23173 
23174 
23175 
23176 
23177 
23178 
23179 
23180 
23181 
23182 
23183 
23215 
23216 
23217 
23218 
23219 
23220 
23221 
23222 
23223 
23224 
23225 
23226 
23273 
23274 
23275 
23276 
23277 
23278 
23279 
23280 
23281 
23282 
23283 
23284 
23315 
23316 
23317 
23318 
23319 
23320 
23321 
23322 
23323 
23324 
23325 
23374 
23375 
23376 
23377 
23378 
23379 
23380 
23381 
23382 
23383 
23384 
23414 
23415 
23416 
23417 
23418 
23419 
23420 
23421 
23422 
23423 
23424 
23425 
23474 
23475 
23476 
23477 
23478 
23479 
23480 
23481 
23482 
23483 
23484 
23485 
23514 
23515 
23516 
23517 
23518 
23519 
23520 
23521 
23522 
23523 
23524 
23575 
23576 
23577 
23578 
23579 
23580 
23581 
23582 
23583 
23584 
23585 
23613 
23614 
23615 
23616 
23617 
23618 
23619 
23620 
23621 
23622 
23623 
23676 
23677 
23678 
23679 
23680 
23681 
23682 
23683 
23684 
23685 
23686 
23713 
23714 
23715 
23716 
23717 
23718 
23719 
23720 
23721 
23722 
23723 
23776 
23777 
23778 
23779 
23780 
23781 
23782 
23783 
23784 
23785 
23786 
23812 
23813 
23814 
23815 
23816 
23817 
23818 
23819 
23820 
23821 
23822 
23877 
23878 
23879 
23880 
23881 
23882 
23883 
23884 
23885 
23886 
23887 
23912 
23913 
23914 
23915 
23916 
23917 
23918 
23919 
23920 
23921 
23922 
23977 
23978 
23979 
23980 
23981 
23982 
23983 
23984 
23985 
23986 
23987 
24012 
24013 
24014 
24015 
24016 
24017 
24018 
24019 
24020 
24021 
24078 
24079 
24080 
24081 
24082 
24083 
24084 
24085 
24086 
24087 
24111 
24112 
24113 
24114 
24115 
24116 
24117 
24118 
24119 
24120 
24121 
24178 
24179 
24180 
24181 
24182 
24183 
24184 
24185 
24186 
24187 
24188 
24211 
24212 
24213 
24214 
24215 
24216 
24217 
24218 
24219 
24220 
24221 
24278 
24279 
24280 
24281 
24282 
24283 
24284 
24285 
24286 
24287 
24288 
24311 
24312 
24313 
24314 
24315 
24316 
24317 
24318 
24319 
24320 
24379 
24380 
24381 
24382 
24383 
24384 
24385 
24386 
24387 
24388 
24411 
24412 
24413 
24414 
24415 
24416 
24417 
24418 
24419 
24420 
24479 
24480 
24481 
24482 
24483 
24484 
24485 
24486 
24487 
24488 
24511 
24512 
24513 
24514 
24515 
24516 
24517 
24518 
24519 
24520 
24579 
24580 
24581 
24582 
24583 
24584 
24585 
24586 
24587 
24588 
24610 
24611 
24612 
24613 
24614 
24615 
24616 
24617 
24618 
24619 
24620 
24679 
24680 
24681 
24682 
24683 
24684 
24685 
24686 
24687 
24688 
24689 
24710 
24711 
24712 
24713 
24714 
24715 
24716 
24717 
24718 
24719 
24780 
24781 
24782 
24783 
24784 
24785 
24786 
24787 
24788 
24789 
24810 
24811 
24812 
24813 
24814 
24815 
24816 
24817 
24818 
24819 
24880 
24881 
24882 
24883 
24884 
24885 
24886 
24887 
24888 
24889 
24910 
24911 
24912 
24913 
24914 
24915 
24916 
24917 
24918 
24919 
24980 
24981 
24982 
24983 
24984 
24985 
24986 
24987 
24988 
24989 
25010 
25011 
25012 
25013 
25014 
25015 
25016 
25017 
25018 
25019 
25080 
25081 
25082 
25083 
25084 
25085 
25086 
25087 
25088 
25089 
25110 
25111 
25112 
25113 
25114 
25115 
25116 
25117 
25118 
25119 
25180 
25181 
25182 
25183 
25184 
25185 
25186 
25187 
25188 
25189 
25210 
25211 
25212 
25213 
25214 
25215 
25216 
25217 
25218 
25219 
25280 
25281 
25282 
25283 
25284 
25285 
25286 
25287 
25288 
25289 
25310 
25311 
25312 
25313 
25314 
25315 
25316 
25317 
25318 
25319 
25380 
25381 
25382 
25383 
25384 
25385 
25386 
25387 
25388 
25389 
25410 
25411 
25412 
25413 
25414 
25415 
25416 
25417 
25418 
25419 
25480 
25481 
25482 
25483 
25484 
25485 
25486 
25487 
25488 
25489 
25510 
25511 
25512 
25513 
25514 
25515 
25516 
25517 
25518 
25519 
25580 
25581 
25582 
25583 
25584 
25585 
25586 
25587 
25588 
25589 
25610 
25611 
25612 
25613 
25614 
25615 
25616 
25617 
25618 
25619 
25680 
25681 
25682 
25683 
25684 
25685 
25686 
25687 
25688 
25689 
25710 
25711 
25712 
25713 
25714 
25715 
25716 
25717 
25718 
25719 
25720 
25779 
25780 
25781 
25782 
25783 
25784 
25785 
25786 
25787 
25788 
25789 
25811 
25812 
25813 
25814 
25815 
25816 
25817 
25818 
25819 
25820 
25879 
25880 
25881 
25882 
25883 
25884 
25885 
25886 
25887 
25888 
25911 
25912 
25913 
25914 
25915 
25916 
25917 
25918 
25919 
25920 
25979 
25980 
25981 
25982 
25983 
25984 
25985 
25986 
25987 
25988 
26011 
26012 
26013 
26014 
26015 
26016 
26017 
26018 
26019 
26020 
26079 
26080 
26081 
26082 
26083 
26084 
26085 
26086 
26087 
26088 
26111 
26112 
26113 
26114 
26115 
26116 
26117 
26118 
26119 
26120 
26121 
26178 
26179 
26180 
26181 
26182 
26183 
26184 
26185 
26186 
26187 
26188 
26211 
26212 
26213 
26214 
26215 
26216 
26217 
26218 
26219 
26220 
26221 
26278 
26279 
26280 
26281 
26282 
26283 
26284 
26285 
26286 
26287 
26288 
26312 
26313 
26314 
26315 
26316 
26317 
26318 
26319 
26320 
26321 
26378 
26379 
26380 
26381 
26382 
26383 
26384 
26385 
26386 
26387 
26412 
26413 
26414 
26415 
26416 
26417 
26418 
26419 
26420 
26421 
26422 
26477 
26478 
26479 
26480 
26481 
26482 
26483 
26484 
26485 
26486 
26487 
26512 
26513 
26514 
26515 
26516 
26517 
26518 
26519 
26520 
26521 
26522 
26577 
26578 
26579 
26580 
26581 
26582 
26583 
26584 
26585 
26586 
26587 
26613 
26614 
26615 
26616 
26617 
26618 
26619 
26620 
26621 
26622 
26623 
26676 
26677 
26678 
26679 
26680 
26681 
26682 
26683 
26684 
26685 
26686 
26713 
26714 
26715 
26716 
26717 
26718 
26719 
26720 
26721 
26722 
26723 
26776 
26777 
26778 
26779 
26780 
26781 
26782 
26783 
26784 
26785 
26786 
26814 
26815 
26816 
26817 
26818 
26819 
26820 
26821 
26822 
26823 
26824 
26875 
26876 
26877 
26878 
26879 
26880 
26881 
26882 
26883 
26884 
26885 
26914 
26915 
26916 
26917 
26918 
26919 
26920 
26921 
26922 
26923 
26924 
26925 
26974 
26975 
26976 
26977 
26978 
26979 
26980 
26981 
26982 
26983 
26984 
26985 
27015 
27016 
27017 
27018 
27019 
27020 
27021 
27022 
27023 
27024 
27025 
27074 
27075 
27076 
27077 
27078 
27079 
27080 
27081 
27082 
27083 
27084 
27115 
27116 
27117 
27118 
27119 
27120 
27121 
27122 
27123 
27124 
27125 
27126 
27173 
27174 
27175 
27176 
27177 
27178 
27179 
27180 
27181 
27182 
27183 
27184 
27216 
27217 
27218 
27219 
27220 
27221 
27222 
27223 
27224 
27225 
27226 
27227 
27272 
27273 
27274 
27275 
27276 
27277 
27278 
27279 
27280 
27281 
27282 
27283 
27316 
27317 
27318 
27319 
27320 
27321 
27322 
27323 
27324 
27325 
27326 
27327 
27328 
27371 
27372 
27373 
27374 
27375 
27376 
27377 
27378 
27379 
27380 
27381 
27382 
27383 
27417 
27418 
27419 
27420 
27421 
27422 
27423 
27424 
27425 
27426 
27427 
27428 
27429 
27470 
27471 
27472 
27473 
27474 
27475 
27476 
27477 
27478 
27479 
27480 
27481 
27482 
27518 
27519 
27520 
27521 
27522 
27523 
27524 
27525 
27526 
27527 
27528 
27529 
27530 
27569 
27570 
27571 
27572 
27573 
27574 
27575 
27576 
27577 
27578 
27579 
27580 
27581 
27618 
27619 
27620 
27621 
27622 
27623 
27624 
27625 
27626 
27627 
27628 
27629 
27630 
27631 
27632 
27667 
27668 
27669 
27670 
27671 
27672 
27673 
27674 
27675 
27676 
27677 
27678 
27679 
27680 
27681 
27719 
27720 
27721 
27722 
27723 
27724 
27725 
27726 
27727 
27728 
27729 
27730 
27731 
27732 
27733 
27766 
27767 
27768 
27769 
27770 
27771 
27772 
27773 
27774 
27775 
27776 
27777 
27778 
27779 
27780 
27820 
27821 
27822 
27823 
27824 
27825 
27826 
27827 
27828 
27829 
27830 
27831 
27832 
27833 
27834 
27835 
27864 
27865 
27866 
27867 
27868 
27869 
27870 
27871 
27872 
27873 
27874 
27875 
27876 
27877 
27878 
27879 
27921 
27922 
27923 
27924 
27925 
27926 
27927 
27928 
27929 
27930 
27931 
27932 
27933 
27934 
27935 
27936 
27937 
27962 
27963 
27964 
27965 
27966 
27967 
27968 
27969 
27970 
27971 
27972 
27973 
27974 
27975 
27976 
27977 
27978 
28022 
28023 
28024 
28025 
28026 
28027 
28028 
28029 
28030 
28031 
28032 
28033 
28034 
28035 
28036 
28037 
28038 
28039 
28040 
28059 
28060 
28061 
28062 
28063 
28064 
28065 
28066 
28067 
28068 
28069 
28070 
28071 
28072 
28073 
28074 
28075 
28076 
28077 
28123 
28124 
28125 
28126 
28127 
28128 
28129 
28130 
28131 
28132 
28133 
28134 
28135 
28136 
28137 
28138 
28139 
28140 
28141 
28142 
28143 
28144 
28155 
28156 
28157 
28158 
28159 
28160 
28161 
28162 
28163 
28164 
28165 
28166 
28167 
28168 
28169 
28170 
28171 
28172 
28173 
28174 
28175 
28176 
28224 
28225 
28226 
28227 
28228 
28229 
28230 
28231 
28232 
28233 
28234 
28235 
28236 
28237 
28238 
28239 
28240 
28241 
28242 
28243 
28244 
28245 
28246 
28247 
28248 
28249 
28250 
28251 
28252 
28253 
28254 
28255 
28256 
28257 
28258 
28259 
28260 
28261 
28262 
28263 
28264 
28265 
28266 
28267 
28268 
28269 
28270 
28271 
28272 
28273 
28274 
28275 
28325 
28326 
28327 
28328 
28329 
28330 
28331 
28332 
28333 
28334 
28335 
28336 
28337 
28338 
28339 
28340 
28341 
28342 
28343 
28344 
28345 
28346 
28347 
28348 
28349 
28350 
28351 
28352 
28353 
28354 
28355 
28356 
28357 
28358 
28359 
28360 
28361 
28362 
28363 
28364 
28365 
28366 
28367 
28368 
28369 
28370 
28371 
28372 
28373 
28374 
28427 
28428 
28429 
28430 
28431 
28432 
28433 
28434 
28435 
28436 
28437 
28438 
28439 
28440 
28441 
28442 
28443 
28444 
28445 
28446 
28447 
28448 
28449 
28450 
28451 
28452 
28453 
28454 
28455 
28456 
28457 
28458 
28459 
28460 
28461 
28462 
28463 
28464 
28465 
28466 
28467 
28468 
28469 
28470 
28471 
28472 
28528 
28529 
28530 
28531 
28532 
28533 
28534 
28535 
28536 
28537 
28538 
28539 
28540 
28541 
28542 
28543 
28544 
28545 
28546 
28547 
28548 
28549 
28550 
28551 
28552 
28553 
28554 
28555 
28556 
28557 
28558 
28559 
28560 
28561 
28562 
28563 
28564 
28565 
28566 
28567 
28568 
28569 
28570 
28571 
28630 
28631 
28632 
28633 
28634 
28635 
28636 
28637 
28638 
28639 
28640 
28641 
28642 
28643 
28644 
28645 
28646 
28647 
28648 
28649 
28650 
28651 
28652 
28653 
28654 
28655 
28656 
28657 
28658 
28659 
28660 
28661 
28662 
28663 
28664 
28665 
28666 
28667 
28668 
28669 
28732 
28733 
28734 
28735 
28736 
28737 
28738 
28739 
28740 
28741 
28742 
28743 
28744 
28745 
28746 
28747 
28748 
28749 
28750 
28751 
28752 
28753 
28754 
28755 
28756 
28757 
28758 
28759 
28760 
28761 
28762 
28763 
28764 
28765 
28766 
28767 
28834 
28835 
28836 
28837 
28838 
28839 
28840 
28841 
28842 
28843 
28844 
28845 
28846 
28847 
28848 
28849 
28850 
28851 
28852 
28853 
28854 
28855 
28856 
28857 
28858 
28859 
28860 
28861 
28862 
28863 
28864 
28865 
28936 
28937 
28938 
28939 
28940 
28941 
28942 
28943 
28944 
28945 
28946 
28947 
28948 
28949 
28950 
28951 
28952 
28953 
28954 
28955 
28956 
28957 
28958 
28959 
28960 
28961 
28962 
28963 
29039 
29040 
29041 
29042 
29043 
29044 
29045 
29046 
29047 
29048 
29049 
29050 
29051 
29052 
29053 
29054 
29055 
29056 
29057 
29058 
29059 
29060 
29144 
29145 
29146 
29147 
29148 
29149 
29150 
29151 
29152 
29153 
29154 
29155 
)

// ************************************************************************* //
